[[[-0.09876693798194626, 0.10729124463666444, -0.04930260737269093], [-0.15867982739726597, 0.07449342437358146, -0.5577009504947472], [-0.34654200601928237, -0.34398173037722174, -0.0965032438480572], [-0.14981238931781637, -0.06343356279216697, 0.11232308202680699], [0.2180446492452865, 0.1298398557914756, -0.17866186909512596], [0.18954397891931246, -0.0515249837999538, 0.5060322572521286], [0.21554944808581206, 0.004705501201897847, -0.02775835699186159], [-0.3105729306128185, 0.03848190817427301, -0.3596892519660493], [0.1103643055456385, -0.5877134649274437, -0.3690953203410852], [0.45059194130199953, 0.4732555212389282, 0.4079123322835113]], [[[1.0, 0.0, 0.0], [0.0, -0.8762516447142257, -0.48185376945253267], [0.0, 0.48185376945253267, -0.8762516447142257]], [[1.0, 0.0, 0.0], [0.0, -0.8208231194214632, -0.5711824635116333], [0.0, 0.5711824635116333, -0.8208231194214632]], [[1.0, 0.0, 0.0], [0.0, -0.7721939820418985, -0.6353868538916084], [0.0, 0.6353868538916084, -0.7721939820418985]], [[1.0, 0.0, 0.0], [0.0, -0.8312584403051928, -0.5558861442969938], [0.0, 0.5558861442969938, -0.8312584403051928]], [[1.0, 0.0, 0.0], [0.0, 0.8773154323606023, -0.47991419247812356], [0.0, 0.47991419247812356, 0.8773154323606023]], [[1.0, 0.0, 0.0], [0.0, 0.9369211341149122, -0.34954082515326707], [0.0, 0.34954082515326707, 0.9369211341149122]], [[1.0, 0.0, 0.0], [0.0, 0.8813106511984602, -0.47253733829629385], [0.0, 0.47253733829629385, 0.8813106511984602]], [[1.0, 0.0, 0.0], [0.0, -0.3347278281544735, 0.9423148524028416], [0.0, -0.9423148524028416, -0.3347278281544735]], [[1.0, 0.0, 0.0], [0.0, 0.9832637296592825, -0.1821879192935619], [0.0, 0.1821879192935619, 0.9832637296592825]], [[1.0, 0.0, 0.0], [0.0, -0.9999949144393346, -0.0031892154941066658], [0.0, 0.0031892154941066658, -0.9999949144393346]]], [[[0.6723880672194111, 0.0, 0.7401988159007987], [0.0, 1.0, 0.0], [-0.7401988159007987, 0.0, 0.6723880672194111]], [[0.9813865366877815, 0.0, 0.1920428744003837], [0.0, 1.0, 0.0], [-0.1920428744003837, 0.0, 0.9813865366877815]], [[-0.6398925247377212, 0.0, -0.7684644147810521], [0.0, 1.0, 0.0], [0.7684644147810521, 0.0, -0.6398925247377212]], [[-0.9429866619833701, 0.0, 0.3328305204176162], [0.0, 1.0, 0.0], [-0.3328305204176162, 0.0, -0.9429866619833701]], [[0.9872986838395111, 0.0, -0.15887513615657103], [0.0, 1.0, 0.0], [0.15887513615657103, 0.0, 0.9872986838395111]], [[-0.48046437784679696, 0.0, 0.8770142425413], [0.0, 1.0, 0.0], [-0.8770142425413, 0.0, -0.48046437784679696]], [[0.33622527711917294, 0.0, 0.9417815898742847], [0.0, 1.0, 0.0], [-0.9417815898742847, 0.0, 0.33622527711917294]], [[-0.40264066882232824, 0.0, -0.915358122163292], [0.0, 1.0, 0.0], [0.915358122163292, 0.0, -0.40264066882232824]], [[-0.5933569135181911, 0.0, 0.8049394841726711], [0.0, 1.0, 0.0], [-0.8049394841726711, 0.0, -0.5933569135181911]], [[0.13178929014848625, 0.0, -0.9912777527021164], [0.0, 1.0, 0.0], [0.9912777527021164, 0.0, 0.13178929014848625]]], [[[0.2596251407563157, 0.9657094730234674, 0.0], [-0.9657094730234674, 0.2596251407563157, 0.0], [0.0, 0.0, 1.0]], [[-0.9384619945969557, -0.34538251938554093, 0.0], [0.34538251938554093, -0.9384619945969557, 0.0], [0.0, 0.0, 1.0]], [[-0.11802595433906746, -0.9930105105699296, 0.0], [0.9930105105699296, -0.11802595433906746, 0.0], [0.0, 0.0, 1.0]], [[0.9887417820236486, -0.149631843137414, 0.0], [0.149631843137414, 0.9887417820236486, 0.0], [0.0, 0.0, 1.0]], [[-0.6906265179841551, -0.7232115960471607, 0.0], [0.7232115960471607, -0.6906265179841551, 0.0], [0.0, 0.0, 1.0]], [[0.8173147199308407, -0.5761915033948102, 0.0], [0.5761915033948102, 0.8173147199308407, 0.0], [0.0, 0.0, 1.0]], [[-0.14076096704768928, 0.9900436102292662, 0.0], [-0.9900436102292662, -0.14076096704768928, 0.0], [0.0, 0.0, 1.0]], [[-0.9677091402175886, -0.25206947442983957, 0.0], [0.25206947442983957, -0.9677091402175886, 0.0], [0.0, 0.0, 1.0]], [[-0.9917189049481421, 0.12842746422964998, 0.0], [-0.12842746422964998, -0.9917189049481421, 0.0], [0.0, 0.0, 1.0]], [[-0.3996315122826145, 0.9166758720456815, 0.0], [-0.9166758720456815, -0.3996315122826145, 0.0], [0.0, 0.0, 1.0]]], [2.638823601318357, 2.533646936603985, 2.453083256554047, 2.552164039529451, 0.5005569028660265, 0.3570809697017684, 0.4921676142214507, 4.371072598338629, 0.18321115473181795, 3.1384034326893593], [0.8333659964797874, 0.1932433448078768, 4.018030580078439, 2.8022890075245432, 6.123634093832783, 2.07198046108556, 1.2278903778712653, 4.297989110639462, 2.206019181348694, 4.844562778638144], [4.975022993236807, 2.788946296623272, 1.689098032619823, 0.15019591342955832, 2.3331513213096944, 0.6140612271114563, 4.5711589878665855, 2.8867744627349374, 3.2703758029633345, 4.301274152121352]]